23 2752
28 3408
34 4016
36 3008
39 3920
53 2592
59 3640
63 3400
67 2752
76 2704
85 4208
86 4016
90 3680
93 3152
23 34 2752
23 36 2656
23 39 2656
23 59 2752
23 63 2560
23 85 2752
23 86 2752
23 90 2528
23 93 2560
28 34 3216
28 36 2304
28 39 3216
28 53 2496
28 59 2840
28 63 2792
28 85 3408
28 86 3216
28 90 2880
28 93 2352
34 36 2816
34 39 3728
34 53 2592
34 59 3448
34 63 3208
34 67 2752
34 76 2704
34 85 4016
34 86 4016
34 90 3488
34 93 2960
36 39 2864
36 59 2992
36 63 2752
36 85 3008
36 86 2816
36 90 2768
36 93 2768
39 53 2496
39 59 3376
39 63 3184
39 67 2464
39 76 2464
39 85 3920
39 86 3728
39 90 3392
39 93 2960
53 59 2208
53 63 2208
53 85 2592
53 86 2592
53 90 2592
59 63 3124
59 67 2200
59 76 2176
59 85 3640
59 86 3448
59 90 3272
59 93 2992
63 85 3400
63 86 3208
63 90 3032
63 93 2800
67 76 2272
67 85 2752
67 86 2752
67 90 2336
76 85 2704
76 86 2704
76 90 2288
85 86 4016
85 90 3680
85 93 3152
86 90 3488
86 93 2960
90 93 2816
23 34 36 2656
23 34 39 2656
23 34 59 2752
23 34 63 2560
23 34 85 2752
23 34 86 2752
23 34 90 2528
23 34 93 2560
23 36 39 2656
23 36 59 2656
23 36 63 2464
23 36 85 2656
23 36 86 2656
23 36 90 2432
23 36 93 2464
23 39 59 2656
23 39 63 2464
23 39 85 2656
23 39 86 2656
23 39 90 2432
23 39 93 2464
23 59 63 2560
23 59 85 2752
23 59 86 2752
23 59 90 2528
23 59 93 2560
23 63 85 2560
23 63 86 2560
23 63 90 2336
23 63 93 2368
23 85 86 2752
23 85 90 2528
23 85 93 2560
23 86 90 2528
23 86 93 2560
23 90 93 2528
28 34 36 2112
28 34 39 3024
28 34 53 2496
28 34 59 2648
28 34 63 2600
28 34 85 3216
28 34 86 3216
28 34 90 2688
28 34 93 2160
28 36 39 2160
28 36 59 2288
28 36 63 2240
28 36 85 2304
28 36 86 2112
28 39 53 2496
28 39 59 2672
28 39 63 2672
28 39 85 3216
28 39 86 3024
28 39 90 2688
28 39 93 2256
28 53 59 2112
28 53 63 2112
28 53 85 2496
28 53 86 2496
28 53 90 2496
28 59 63 2516
28 59 85 2840
28 59 86 2648
28 59 90 2472
28 59 93 2192
28 63 85 2792
28 63 86 2600
28 63 90 2424
28 63 93 2192
28 85 86 3216
28 85 90 2880
28 85 93 2352
28 86 90 2688
28 86 93 2160
34 36 39 2672
34 36 59 2800
34 36 63 2560
34 36 85 2816
34 36 86 2816
34 36 90 2576
34 36 93 2576
34 39 53 2496
34 39 59 3184
34 39 63 2992
34 39 67 2464
34 39 76 2464
34 39 85 3728
34 39 86 3728
34 39 90 3200
34 39 93 2768
34 53 59 2208
34 53 63 2208
34 53 85 2592
34 53 86 2592
34 53 90 2592
34 59 63 2932
34 59 67 2200
34 59 76 2176
34 59 85 3448
34 59 86 3448
34 59 90 3080
34 59 93 2800
34 63 85 3208
34 63 86 3208
34 63 90 2840
34 63 93 2608
34 67 76 2272
34 67 85 2752
34 67 86 2752
34 67 90 2336
34 76 85 2704
34 76 86 2704
34 76 90 2288
34 85 86 4016
34 85 90 3488
34 85 93 2960
34 86 90 3488
34 86 93 2960
34 90 93 2624
36 39 59 2848
36 39 63 2656
36 39 85 2864
36 39 86 2672
36 39 90 2624
36 39 93 2672
36 59 63 2752
36 59 85 2992
36 59 86 2800
36 59 90 2768
36 59 93 2752
36 63 85 2752
36 63 86 2560
36 63 90 2528
36 63 93 2560
36 85 86 2816
36 85 90 2768
36 85 93 2768
36 86 90 2576
36 86 93 2576
36 90 93 2720
39 53 59 2112
39 53 63 2112
39 53 85 2496
39 53 86 2496
39 53 90 2496
39 59 63 2920
39 59 85 3376
39 59 86 3184
39 59 90 3008
39 59 93 2800
39 63 85 3184
39 63 86 2992
39 63 90 2816
39 63 93 2608
39 67 85 2464
39 67 86 2464
39 76 85 2464
39 76 86 2464
39 85 86 3728
39 85 90 3392
39 85 93 2960
39 86 90 3200
39 86 93 2768
39 90 93 2624
53 59 85 2208
53 59 86 2208
53 59 90 2208
53 63 85 2208
53 63 86 2208
53 63 90 2208
53 85 86 2592
53 85 90 2592
53 86 90 2592
59 63 85 3124
59 63 86 2932
59 63 90 2828
59 63 93 2728
59 67 85 2200
59 67 86 2200
59 76 85 2176
59 76 86 2176
59 85 86 3448
59 85 90 3272
59 85 93 2992
59 86 90 3080
59 86 93 2800
59 90 93 2816
63 85 86 3208
63 85 90 3032
63 85 93 2800
63 86 90 2840
63 86 93 2608
63 90 93 2624
67 76 85 2272
67 76 86 2272
67 85 86 2752
67 85 90 2336
67 86 90 2336
76 85 86 2704
76 85 90 2288
76 86 90 2288
85 86 90 3488
85 86 93 2960
85 90 93 2816
86 90 93 2624
23 34 36 39 2656
23 34 36 59 2656
23 34 36 63 2464
23 34 36 85 2656
23 34 36 86 2656
23 34 36 90 2432
23 34 36 93 2464
23 34 39 59 2656
23 34 39 63 2464
23 34 39 85 2656
23 34 39 86 2656
23 34 39 90 2432
23 34 39 93 2464
23 34 59 63 2560
23 34 59 85 2752
23 34 59 86 2752
23 34 59 90 2528
23 34 59 93 2560
23 34 63 85 2560
23 34 63 86 2560
23 34 63 90 2336
23 34 63 93 2368
23 34 85 86 2752
23 34 85 90 2528
23 34 85 93 2560
23 34 86 90 2528
23 34 86 93 2560
23 34 90 93 2528
23 36 39 59 2656
23 36 39 63 2464
23 36 39 85 2656
23 36 39 86 2656
23 36 39 90 2432
23 36 39 93 2464
23 36 59 63 2464
23 36 59 85 2656
23 36 59 86 2656
23 36 59 90 2432
23 36 59 93 2464
23 36 63 85 2464
23 36 63 86 2464
23 36 63 90 2240
23 36 63 93 2272
23 36 85 86 2656
23 36 85 90 2432
23 36 85 93 2464
23 36 86 90 2432
23 36 86 93 2464
23 36 90 93 2432
23 39 59 63 2464
23 39 59 85 2656
23 39 59 86 2656
23 39 59 90 2432
23 39 59 93 2464
23 39 63 85 2464
23 39 63 86 2464
23 39 63 90 2240
23 39 63 93 2272
23 39 85 86 2656
23 39 85 90 2432
23 39 85 93 2464
23 39 86 90 2432
23 39 86 93 2464
23 39 90 93 2432
23 59 63 85 2560
23 59 63 86 2560
23 59 63 90 2336
23 59 63 93 2368
23 59 85 86 2752
23 59 85 90 2528
23 59 85 93 2560
23 59 86 90 2528
23 59 86 93 2560
23 59 90 93 2528
23 63 85 86 2560
23 63 85 90 2336
23 63 85 93 2368
23 63 86 90 2336
23 63 86 93 2368
23 63 90 93 2336
23 85 86 90 2528
23 85 86 93 2560
23 85 90 93 2528
23 86 90 93 2528
28 34 36 85 2112
28 34 36 86 2112
28 34 39 53 2496
28 34 39 59 2480
28 34 39 63 2480
28 34 39 85 3024
28 34 39 86 3024
28 34 39 90 2496
28 34 53 59 2112
28 34 53 63 2112
28 34 53 85 2496
28 34 53 86 2496
28 34 53 90 2496
28 34 59 63 2324
28 34 59 85 2648
28 34 59 86 2648
28 34 59 90 2280
28 34 63 85 2600
28 34 63 86 2600
28 34 63 90 2232
28 34 85 86 3216
28 34 85 90 2688
28 34 85 93 2160
28 34 86 90 2688
28 34 86 93 2160
28 36 39 59 2144
28 36 39 63 2144
28 36 39 85 2160
28 36 59 63 2240
28 36 59 85 2288
28 36 63 85 2240
28 36 85 86 2112
28 39 53 59 2112
28 39 53 63 2112
28 39 53 85 2496
28 39 53 86 2496
28 39 53 90 2496
28 39 59 63 2408
28 39 59 85 2672
28 39 59 86 2480
28 39 59 90 2304
28 39 63 85 2672
28 39 63 86 2480
28 39 63 90 2304
28 39 85 86 3024
28 39 85 90 2688
28 39 85 93 2256
28 39 86 90 2496
28 53 59 85 2112
28 53 59 86 2112
28 53 59 90 2112
28 53 63 85 2112
28 53 63 86 2112
28 53 63 90 2112
28 53 85 86 2496
28 53 85 90 2496
28 53 86 90 2496
28 59 63 85 2516
28 59 63 86 2324
28 59 63 90 2220
28 59 63 93 2120
28 59 85 86 2648
28 59 85 90 2472
28 59 85 93 2192
28 59 86 90 2280
28 63 85 86 2600
28 63 85 90 2424
28 63 85 93 2192
28 63 86 90 2232
28 85 86 90 2688
28 85 86 93 2160
34 36 39 59 2656
34 36 39 63 2464
34 36 39 85 2672
34 36 39 86 2672
34 36 39 90 2432
34 36 39 93 2480
34 36 59 63 2560
34 36 59 85 2800
34 36 59 86 2800
34 36 59 90 2576
34 36 59 93 2560
34 36 63 85 2560
34 36 63 86 2560
34 36 63 90 2336
34 36 63 93 2368
34 36 85 86 2816
34 36 85 90 2576
34 36 85 93 2576
34 36 86 90 2576
34 36 86 93 2576
34 36 90 93 2528
34 39 53 59 2112
34 39 53 63 2112
34 39 53 85 2496
34 39 53 86 2496
34 39 53 90 2496
34 39 59 63 2728
34 39 59 85 3184
34 39 59 86 3184
34 39 59 90 2816
34 39 59 93 2608
34 39 63 85 2992
34 39 63 86 2992
34 39 63 90 2624
34 39 63 93 2416
34 39 67 85 2464
34 39 67 86 2464
34 39 76 85 2464
34 39 76 86 2464
34 39 85 86 3728
34 39 85 90 3200
34 39 85 93 2768
34 39 86 90 3200
34 39 86 93 2768
34 39 90 93 2432
34 53 59 85 2208
34 53 59 86 2208
34 53 59 90 2208
34 53 63 85 2208
34 53 63 86 2208
34 53 63 90 2208
34 53 85 86 2592
34 53 85 90 2592
34 53 86 90 2592
34 59 63 85 2932
34 59 63 86 2932
34 59 63 90 2636
34 59 63 93 2536
34 59 67 85 2200
34 59 67 86 2200
34 59 76 85 2176
34 59 76 86 2176
34 59 85 86 3448
34 59 85 90 3080
34 59 85 93 2800
34 59 86 90 3080
34 59 86 93 2800
34 59 90 93 2624
34 63 85 86 3208
34 63 85 90 2840
34 63 85 93 2608
34 63 86 90 2840
34 63 86 93 2608
34 63 90 93 2432
34 67 76 85 2272
34 67 76 86 2272
34 67 85 86 2752
34 67 85 90 2336
34 67 86 90 2336
34 76 85 86 2704
34 76 85 90 2288
34 76 86 90 2288
34 85 86 90 3488
34 85 86 93 2960
34 85 90 93 2624
34 86 90 93 2624
36 39 59 63 2656
36 39 59 85 2848
36 39 59 86 2656
36 39 59 90 2624
36 39 59 93 2656
36 39 63 85 2656
36 39 63 86 2464
36 39 63 90 2432
36 39 63 93 2464
36 39 85 86 2672
36 39 85 90 2624
36 39 85 93 2672
36 39 86 90 2432
36 39 86 93 2480
36 39 90 93 2624
36 59 63 85 2752
36 59 63 86 2560
36 59 63 90 2528
36 59 63 93 2560
36 59 85 86 2800
36 59 85 90 2768
36 59 85 93 2752
36 59 86 90 2576
36 59 86 93 2560
36 59 90 93 2720
36 63 85 86 2560
36 63 85 90 2528
36 63 85 93 2560
36 63 86 90 2336
36 63 86 93 2368
36 63 90 93 2528
36 85 86 90 2576
36 85 86 93 2576
36 85 90 93 2720
36 86 90 93 2528
39 53 59 85 2112
39 53 59 86 2112
39 53 59 90 2112
39 53 63 85 2112
39 53 63 86 2112
39 53 63 90 2112
39 53 85 86 2496
39 53 85 90 2496
39 53 86 90 2496
39 59 63 85 2920
39 59 63 86 2728
39 59 63 90 2624
39 59 63 93 2536
39 59 85 86 3184
39 59 85 90 3008
39 59 85 93 2800
39 59 86 90 2816
39 59 86 93 2608
39 59 90 93 2624
39 63 85 86 2992
39 63 85 90 2816
39 63 85 93 2608
39 63 86 90 2624
39 63 86 93 2416
39 63 90 93 2432
39 67 85 86 2464
39 76 85 86 2464
39 85 86 90 3200
39 85 86 93 2768
39 85 90 93 2624
39 86 90 93 2432
53 59 85 86 2208
53 59 85 90 2208
53 59 86 90 2208
53 63 85 86 2208
53 63 85 90 2208
53 63 86 90 2208
53 85 86 90 2592
59 63 85 86 2932
59 63 85 90 2828
59 63 85 93 2728
59 63 86 90 2636
59 63 86 93 2536
59 63 90 93 2624
59 67 85 86 2200
59 76 85 86 2176
59 85 86 90 3080
59 85 86 93 2800
59 85 90 93 2816
59 86 90 93 2624
63 85 86 90 2840
63 85 86 93 2608
63 85 90 93 2624
63 86 90 93 2432
67 76 85 86 2272
67 85 86 90 2336
76 85 86 90 2288
85 86 90 93 2624
23 34 36 39 59 2656
23 34 36 39 63 2464
23 34 36 39 85 2656
23 34 36 39 86 2656
23 34 36 39 90 2432
23 34 36 39 93 2464
23 34 36 59 63 2464
23 34 36 59 85 2656
23 34 36 59 86 2656
23 34 36 59 90 2432
23 34 36 59 93 2464
23 34 36 63 85 2464
23 34 36 63 86 2464
23 34 36 63 90 2240
23 34 36 63 93 2272
23 34 36 85 86 2656
23 34 36 85 90 2432
23 34 36 85 93 2464
23 34 36 86 90 2432
23 34 36 86 93 2464
23 34 36 90 93 2432
23 34 39 59 63 2464
23 34 39 59 85 2656
23 34 39 59 86 2656
23 34 39 59 90 2432
23 34 39 59 93 2464
23 34 39 63 85 2464
23 34 39 63 86 2464
23 34 39 63 90 2240
23 34 39 63 93 2272
23 34 39 85 86 2656
23 34 39 85 90 2432
23 34 39 85 93 2464
23 34 39 86 90 2432
23 34 39 86 93 2464
23 34 39 90 93 2432
23 34 59 63 85 2560
23 34 59 63 86 2560
23 34 59 63 90 2336
23 34 59 63 93 2368
23 34 59 85 86 2752
23 34 59 85 90 2528
23 34 59 85 93 2560
23 34 59 86 90 2528
23 34 59 86 93 2560
23 34 59 90 93 2528
23 34 63 85 86 2560
23 34 63 85 90 2336
23 34 63 85 93 2368
23 34 63 86 90 2336
23 34 63 86 93 2368
23 34 63 90 93 2336
23 34 85 86 90 2528
23 34 85 86 93 2560
23 34 85 90 93 2528
23 34 86 90 93 2528
23 36 39 59 63 2464
23 36 39 59 85 2656
23 36 39 59 86 2656
23 36 39 59 90 2432
23 36 39 59 93 2464
23 36 39 63 85 2464
23 36 39 63 86 2464
23 36 39 63 90 2240
23 36 39 63 93 2272
23 36 39 85 86 2656
23 36 39 85 90 2432
23 36 39 85 93 2464
23 36 39 86 90 2432
23 36 39 86 93 2464
23 36 39 90 93 2432
23 36 59 63 85 2464
23 36 59 63 86 2464
23 36 59 63 90 2240
23 36 59 63 93 2272
23 36 59 85 86 2656
23 36 59 85 90 2432
23 36 59 85 93 2464
23 36 59 86 90 2432
23 36 59 86 93 2464
23 36 59 90 93 2432
23 36 63 85 86 2464
23 36 63 85 90 2240
23 36 63 85 93 2272
23 36 63 86 90 2240
23 36 63 86 93 2272
23 36 63 90 93 2240
23 36 85 86 90 2432
23 36 85 86 93 2464
23 36 85 90 93 2432
23 36 86 90 93 2432
23 39 59 63 85 2464
23 39 59 63 86 2464
23 39 59 63 90 2240
23 39 59 63 93 2272
23 39 59 85 86 2656
23 39 59 85 90 2432
23 39 59 85 93 2464
23 39 59 86 90 2432
23 39 59 86 93 2464
23 39 59 90 93 2432
23 39 63 85 86 2464
23 39 63 85 90 2240
23 39 63 85 93 2272
23 39 63 86 90 2240
23 39 63 86 93 2272
23 39 63 90 93 2240
23 39 85 86 90 2432
23 39 85 86 93 2464
23 39 85 90 93 2432
23 39 86 90 93 2432
23 59 63 85 86 2560
23 59 63 85 90 2336
23 59 63 85 93 2368
23 59 63 86 90 2336
23 59 63 86 93 2368
23 59 63 90 93 2336
23 59 85 86 90 2528
23 59 85 86 93 2560
23 59 85 90 93 2528
23 59 86 90 93 2528
23 63 85 86 90 2336
23 63 85 86 93 2368
23 63 85 90 93 2336
23 63 86 90 93 2336
23 85 86 90 93 2528
28 34 36 85 86 2112
28 34 39 53 59 2112
28 34 39 53 63 2112
28 34 39 53 85 2496
28 34 39 53 86 2496
28 34 39 53 90 2496
28 34 39 59 63 2216
28 34 39 59 85 2480
28 34 39 59 86 2480
28 34 39 59 90 2112
28 34 39 63 85 2480
28 34 39 63 86 2480
28 34 39 63 90 2112
28 34 39 85 86 3024
28 34 39 85 90 2496
28 34 39 86 90 2496
28 34 53 59 85 2112
28 34 53 59 86 2112
28 34 53 59 90 2112
28 34 53 63 85 2112
28 34 53 63 86 2112
28 34 53 63 90 2112
28 34 53 85 86 2496
28 34 53 85 90 2496
28 34 53 86 90 2496
28 34 59 63 85 2324
28 34 59 63 86 2324
28 34 59 85 86 2648
28 34 59 85 90 2280
28 34 59 86 90 2280
28 34 63 85 86 2600
28 34 63 85 90 2232
28 34 63 86 90 2232
28 34 85 86 90 2688
28 34 85 86 93 2160
28 36 39 59 63 2144
28 36 39 59 85 2144
28 36 39 63 85 2144
28 36 59 63 85 2240
28 39 53 59 85 2112
28 39 53 59 86 2112
28 39 53 59 90 2112
28 39 53 63 85 2112
28 39 53 63 86 2112
28 39 53 63 90 2112
28 39 53 85 86 2496
28 39 53 85 90 2496
28 39 53 86 90 2496
28 39 59 63 85 2408
28 39 59 63 86 2216
28 39 59 63 90 2112
28 39 59 85 86 2480
28 39 59 85 90 2304
28 39 59 86 90 2112
28 39 63 85 86 2480
28 39 63 85 90 2304
28 39 63 86 90 2112
28 39 85 86 90 2496
28 53 59 85 86 2112
28 53 59 85 90 2112
28 53 59 86 90 2112
28 53 63 85 86 2112
28 53 63 85 90 2112
28 53 63 86 90 2112
28 53 85 86 90 2496
28 59 63 85 86 2324
28 59 63 85 90 2220
28 59 63 85 93 2120
28 59 85 86 90 2280
28 63 85 86 90 2232
34 36 39 59 63 2464
34 36 39 59 85 2656
34 36 39 59 86 2656
34 36 39 59 90 2432
34 36 39 59 93 2464
34 36 39 63 85 2464
34 36 39 63 86 2464
34 36 39 63 90 2240
34 36 39 63 93 2272
34 36 39 85 86 2672
34 36 39 85 90 2432
34 36 39 85 93 2480
34 36 39 86 90 2432
34 36 39 86 93 2480
34 36 39 90 93 2432
34 36 59 63 85 2560
34 36 59 63 86 2560
34 36 59 63 90 2336
34 36 59 63 93 2368
34 36 59 85 86 2800
34 36 59 85 90 2576
34 36 59 85 93 2560
34 36 59 86 90 2576
34 36 59 86 93 2560
34 36 59 90 93 2528
34 36 63 85 86 2560
34 36 63 85 90 2336
34 36 63 85 93 2368
34 36 63 86 90 2336
34 36 63 86 93 2368
34 36 63 90 93 2336
34 36 85 86 90 2576
34 36 85 86 93 2576
34 36 85 90 93 2528
34 36 86 90 93 2528
34 39 53 59 85 2112
34 39 53 59 86 2112
34 39 53 59 90 2112
34 39 53 63 85 2112
34 39 53 63 86 2112
34 39 53 63 90 2112
34 39 53 85 86 2496
34 39 53 85 90 2496
34 39 53 86 90 2496
34 39 59 63 85 2728
34 39 59 63 86 2728
34 39 59 63 90 2432
34 39 59 63 93 2344
34 39 59 85 86 3184
34 39 59 85 90 2816
34 39 59 85 93 2608
34 39 59 86 90 2816
34 39 59 86 93 2608
34 39 59 90 93 2432
34 39 63 85 86 2992
34 39 63 85 90 2624
34 39 63 85 93 2416
34 39 63 86 90 2624
34 39 63 86 93 2416
34 39 63 90 93 2240
34 39 67 85 86 2464
34 39 76 85 86 2464
34 39 85 86 90 3200
34 39 85 86 93 2768
34 39 85 90 93 2432
34 39 86 90 93 2432
34 53 59 85 86 2208
34 53 59 85 90 2208
34 53 59 86 90 2208
34 53 63 85 86 2208
34 53 63 85 90 2208
34 53 63 86 90 2208
34 53 85 86 90 2592
34 59 63 85 86 2932
34 59 63 85 90 2636
34 59 63 85 93 2536
34 59 63 86 90 2636
34 59 63 86 93 2536
34 59 63 90 93 2432
34 59 67 85 86 2200
34 59 76 85 86 2176
34 59 85 86 90 3080
34 59 85 86 93 2800
34 59 85 90 93 2624
34 59 86 90 93 2624
34 63 85 86 90 2840
34 63 85 86 93 2608
34 63 85 90 93 2432
34 63 86 90 93 2432
34 67 76 85 86 2272
34 67 85 86 90 2336
34 76 85 86 90 2288
34 85 86 90 93 2624
36 39 59 63 85 2656
36 39 59 63 86 2464
36 39 59 63 90 2432
36 39 59 63 93 2464
36 39 59 85 86 2656
36 39 59 85 90 2624
36 39 59 85 93 2656
36 39 59 86 90 2432
36 39 59 86 93 2464
36 39 59 90 93 2624
36 39 63 85 86 2464
36 39 63 85 90 2432
36 39 63 85 93 2464
36 39 63 86 90 2240
36 39 63 86 93 2272
36 39 63 90 93 2432
36 39 85 86 90 2432
36 39 85 86 93 2480
36 39 85 90 93 2624
36 39 86 90 93 2432
36 59 63 85 86 2560
36 59 63 85 90 2528
36 59 63 85 93 2560
36 59 63 86 90 2336
36 59 63 86 93 2368
36 59 63 90 93 2528
36 59 85 86 90 2576
36 59 85 86 93 2560
36 59 85 90 93 2720
36 59 86 90 93 2528
36 63 85 86 90 2336
36 63 85 86 93 2368
36 63 85 90 93 2528
36 63 86 90 93 2336
36 85 86 90 93 2528
39 53 59 85 86 2112
39 53 59 85 90 2112
39 53 59 86 90 2112
39 53 63 85 86 2112
39 53 63 85 90 2112
39 53 63 86 90 2112
39 53 85 86 90 2496
39 59 63 85 86 2728
39 59 63 85 90 2624
39 59 63 85 93 2536
39 59 63 86 90 2432
39 59 63 86 93 2344
39 59 63 90 93 2432
39 59 85 86 90 2816
39 59 85 86 93 2608
39 59 85 90 93 2624
39 59 86 90 93 2432
39 63 85 86 90 2624
39 63 85 86 93 2416
39 63 85 90 93 2432
39 63 86 90 93 2240
39 85 86 90 93 2432
53 59 85 86 90 2208
53 63 85 86 90 2208
59 63 85 86 90 2636
59 63 85 86 93 2536
59 63 85 90 93 2624
59 63 86 90 93 2432
59 85 86 90 93 2624
63 85 86 90 93 2432
23 34 36 39 59 63 2464
23 34 36 39 59 85 2656
23 34 36 39 59 86 2656
23 34 36 39 59 90 2432
23 34 36 39 59 93 2464
23 34 36 39 63 85 2464
23 34 36 39 63 86 2464
23 34 36 39 63 90 2240
23 34 36 39 63 93 2272
23 34 36 39 85 86 2656
23 34 36 39 85 90 2432
23 34 36 39 85 93 2464
23 34 36 39 86 90 2432
23 34 36 39 86 93 2464
23 34 36 39 90 93 2432
23 34 36 59 63 85 2464
23 34 36 59 63 86 2464
23 34 36 59 63 90 2240
23 34 36 59 63 93 2272
23 34 36 59 85 86 2656
23 34 36 59 85 90 2432
23 34 36 59 85 93 2464
23 34 36 59 86 90 2432
23 34 36 59 86 93 2464
23 34 36 59 90 93 2432
23 34 36 63 85 86 2464
23 34 36 63 85 90 2240
23 34 36 63 85 93 2272
23 34 36 63 86 90 2240
23 34 36 63 86 93 2272
23 34 36 63 90 93 2240
23 34 36 85 86 90 2432
23 34 36 85 86 93 2464
23 34 36 85 90 93 2432
23 34 36 86 90 93 2432
23 34 39 59 63 85 2464
23 34 39 59 63 86 2464
23 34 39 59 63 90 2240
23 34 39 59 63 93 2272
23 34 39 59 85 86 2656
23 34 39 59 85 90 2432
23 34 39 59 85 93 2464
23 34 39 59 86 90 2432
23 34 39 59 86 93 2464
23 34 39 59 90 93 2432
23 34 39 63 85 86 2464
23 34 39 63 85 90 2240
23 34 39 63 85 93 2272
23 34 39 63 86 90 2240
23 34 39 63 86 93 2272
23 34 39 63 90 93 2240
23 34 39 85 86 90 2432
23 34 39 85 86 93 2464
23 34 39 85 90 93 2432
23 34 39 86 90 93 2432
23 34 59 63 85 86 2560
23 34 59 63 85 90 2336
23 34 59 63 85 93 2368
23 34 59 63 86 90 2336
23 34 59 63 86 93 2368
23 34 59 63 90 93 2336
23 34 59 85 86 90 2528
23 34 59 85 86 93 2560
23 34 59 85 90 93 2528
23 34 59 86 90 93 2528
23 34 63 85 86 90 2336
23 34 63 85 86 93 2368
23 34 63 85 90 93 2336
23 34 63 86 90 93 2336
23 34 85 86 90 93 2528
23 36 39 59 63 85 2464
23 36 39 59 63 86 2464
23 36 39 59 63 90 2240
23 36 39 59 63 93 2272
23 36 39 59 85 86 2656
23 36 39 59 85 90 2432
23 36 39 59 85 93 2464
23 36 39 59 86 90 2432
23 36 39 59 86 93 2464
23 36 39 59 90 93 2432
23 36 39 63 85 86 2464
23 36 39 63 85 90 2240
23 36 39 63 85 93 2272
23 36 39 63 86 90 2240
23 36 39 63 86 93 2272
23 36 39 63 90 93 2240
23 36 39 85 86 90 2432
23 36 39 85 86 93 2464
23 36 39 85 90 93 2432
23 36 39 86 90 93 2432
23 36 59 63 85 86 2464
23 36 59 63 85 90 2240
23 36 59 63 85 93 2272
23 36 59 63 86 90 2240
23 36 59 63 86 93 2272
23 36 59 63 90 93 2240
23 36 59 85 86 90 2432
23 36 59 85 86 93 2464
23 36 59 85 90 93 2432
23 36 59 86 90 93 2432
23 36 63 85 86 90 2240
23 36 63 85 86 93 2272
23 36 63 85 90 93 2240
23 36 63 86 90 93 2240
23 36 85 86 90 93 2432
23 39 59 63 85 86 2464
23 39 59 63 85 90 2240
23 39 59 63 85 93 2272
23 39 59 63 86 90 2240
23 39 59 63 86 93 2272
23 39 59 63 90 93 2240
23 39 59 85 86 90 2432
23 39 59 85 86 93 2464
23 39 59 85 90 93 2432
23 39 59 86 90 93 2432
23 39 63 85 86 90 2240
23 39 63 85 86 93 2272
23 39 63 85 90 93 2240
23 39 63 86 90 93 2240
23 39 85 86 90 93 2432
23 59 63 85 86 90 2336
23 59 63 85 86 93 2368
23 59 63 85 90 93 2336
23 59 63 86 90 93 2336
23 59 85 86 90 93 2528
23 63 85 86 90 93 2336
28 34 39 53 59 85 2112
28 34 39 53 59 86 2112
28 34 39 53 59 90 2112
28 34 39 53 63 85 2112
28 34 39 53 63 86 2112
28 34 39 53 63 90 2112
28 34 39 53 85 86 2496
28 34 39 53 85 90 2496
28 34 39 53 86 90 2496
28 34 39 59 63 85 2216
28 34 39 59 63 86 2216
28 34 39 59 85 86 2480
28 34 39 59 85 90 2112
28 34 39 59 86 90 2112
28 34 39 63 85 86 2480
28 34 39 63 85 90 2112
28 34 39 63 86 90 2112
28 34 39 85 86 90 2496
28 34 53 59 85 86 2112
28 34 53 59 85 90 2112
28 34 53 59 86 90 2112
28 34 53 63 85 86 2112
28 34 53 63 85 90 2112
28 34 53 63 86 90 2112
28 34 53 85 86 90 2496
28 34 59 63 85 86 2324
28 34 59 85 86 90 2280
28 34 63 85 86 90 2232
28 36 39 59 63 85 2144
28 39 53 59 85 86 2112
28 39 53 59 85 90 2112
28 39 53 59 86 90 2112
28 39 53 63 85 86 2112
28 39 53 63 85 90 2112
28 39 53 63 86 90 2112
28 39 53 85 86 90 2496
28 39 59 63 85 86 2216
28 39 59 63 85 90 2112
28 39 59 85 86 90 2112
28 39 63 85 86 90 2112
28 53 59 85 86 90 2112
28 53 63 85 86 90 2112
34 36 39 59 63 85 2464
34 36 39 59 63 86 2464
34 36 39 59 63 90 2240
34 36 39 59 63 93 2272
34 36 39 59 85 86 2656
34 36 39 59 85 90 2432
34 36 39 59 85 93 2464
34 36 39 59 86 90 2432
34 36 39 59 86 93 2464
34 36 39 59 90 93 2432
34 36 39 63 85 86 2464
34 36 39 63 85 90 2240
34 36 39 63 85 93 2272
34 36 39 63 86 90 2240
34 36 39 63 86 93 2272
34 36 39 63 90 93 2240
34 36 39 85 86 90 2432
34 36 39 85 86 93 2480
34 36 39 85 90 93 2432
34 36 39 86 90 93 2432
34 36 59 63 85 86 2560
34 36 59 63 85 90 2336
34 36 59 63 85 93 2368
34 36 59 63 86 90 2336
34 36 59 63 86 93 2368
34 36 59 63 90 93 2336
34 36 59 85 86 90 2576
34 36 59 85 86 93 2560
34 36 59 85 90 93 2528
34 36 59 86 90 93 2528
34 36 63 85 86 90 2336
34 36 63 85 86 93 2368
34 36 63 85 90 93 2336
34 36 63 86 90 93 2336
34 36 85 86 90 93 2528
34 39 53 59 85 86 2112
34 39 53 59 85 90 2112
34 39 53 59 86 90 2112
34 39 53 63 85 86 2112
34 39 53 63 85 90 2112
34 39 53 63 86 90 2112
34 39 53 85 86 90 2496
34 39 59 63 85 86 2728
34 39 59 63 85 90 2432
34 39 59 63 85 93 2344
34 39 59 63 86 90 2432
34 39 59 63 86 93 2344
34 39 59 63 90 93 2240
34 39 59 85 86 90 2816
34 39 59 85 86 93 2608
34 39 59 85 90 93 2432
34 39 59 86 90 93 2432
34 39 63 85 86 90 2624
34 39 63 85 86 93 2416
34 39 63 85 90 93 2240
34 39 63 86 90 93 2240
34 39 85 86 90 93 2432
34 53 59 85 86 90 2208
34 53 63 85 86 90 2208
34 59 63 85 86 90 2636
34 59 63 85 86 93 2536
34 59 63 85 90 93 2432
34 59 63 86 90 93 2432
34 59 85 86 90 93 2624
34 63 85 86 90 93 2432
36 39 59 63 85 86 2464
36 39 59 63 85 90 2432
36 39 59 63 85 93 2464
36 39 59 63 86 90 2240
36 39 59 63 86 93 2272
36 39 59 63 90 93 2432
36 39 59 85 86 90 2432
36 39 59 85 86 93 2464
36 39 59 85 90 93 2624
36 39 59 86 90 93 2432
36 39 63 85 86 90 2240
36 39 63 85 86 93 2272
36 39 63 85 90 93 2432
36 39 63 86 90 93 2240
36 39 85 86 90 93 2432
36 59 63 85 86 90 2336
36 59 63 85 86 93 2368
36 59 63 85 90 93 2528
36 59 63 86 90 93 2336
36 59 85 86 90 93 2528
36 63 85 86 90 93 2336
39 53 59 85 86 90 2112
39 53 63 85 86 90 2112
39 59 63 85 86 90 2432
39 59 63 85 86 93 2344
39 59 63 85 90 93 2432
39 59 63 86 90 93 2240
39 59 85 86 90 93 2432
39 63 85 86 90 93 2240
59 63 85 86 90 93 2432
23 34 36 39 59 63 85 2464
23 34 36 39 59 63 86 2464
23 34 36 39 59 63 90 2240
23 34 36 39 59 63 93 2272
23 34 36 39 59 85 86 2656
23 34 36 39 59 85 90 2432
23 34 36 39 59 85 93 2464
23 34 36 39 59 86 90 2432
23 34 36 39 59 86 93 2464
23 34 36 39 59 90 93 2432
23 34 36 39 63 85 86 2464
23 34 36 39 63 85 90 2240
23 34 36 39 63 85 93 2272
23 34 36 39 63 86 90 2240
23 34 36 39 63 86 93 2272
23 34 36 39 63 90 93 2240
23 34 36 39 85 86 90 2432
23 34 36 39 85 86 93 2464
23 34 36 39 85 90 93 2432
23 34 36 39 86 90 93 2432
23 34 36 59 63 85 86 2464
23 34 36 59 63 85 90 2240
23 34 36 59 63 85 93 2272
23 34 36 59 63 86 90 2240
23 34 36 59 63 86 93 2272
23 34 36 59 63 90 93 2240
23 34 36 59 85 86 90 2432
23 34 36 59 85 86 93 2464
23 34 36 59 85 90 93 2432
23 34 36 59 86 90 93 2432
23 34 36 63 85 86 90 2240
23 34 36 63 85 86 93 2272
23 34 36 63 85 90 93 2240
23 34 36 63 86 90 93 2240
23 34 36 85 86 90 93 2432
23 34 39 59 63 85 86 2464
23 34 39 59 63 85 90 2240
23 34 39 59 63 85 93 2272
23 34 39 59 63 86 90 2240
23 34 39 59 63 86 93 2272
23 34 39 59 63 90 93 2240
23 34 39 59 85 86 90 2432
23 34 39 59 85 86 93 2464
23 34 39 59 85 90 93 2432
23 34 39 59 86 90 93 2432
23 34 39 63 85 86 90 2240
23 34 39 63 85 86 93 2272
23 34 39 63 85 90 93 2240
23 34 39 63 86 90 93 2240
23 34 39 85 86 90 93 2432
23 34 59 63 85 86 90 2336
23 34 59 63 85 86 93 2368
23 34 59 63 85 90 93 2336
23 34 59 63 86 90 93 2336
23 34 59 85 86 90 93 2528
23 34 63 85 86 90 93 2336
23 36 39 59 63 85 86 2464
23 36 39 59 63 85 90 2240
23 36 39 59 63 85 93 2272
23 36 39 59 63 86 90 2240
23 36 39 59 63 86 93 2272
23 36 39 59 63 90 93 2240
23 36 39 59 85 86 90 2432
23 36 39 59 85 86 93 2464
23 36 39 59 85 90 93 2432
23 36 39 59 86 90 93 2432
23 36 39 63 85 86 90 2240
23 36 39 63 85 86 93 2272
23 36 39 63 85 90 93 2240
23 36 39 63 86 90 93 2240
23 36 39 85 86 90 93 2432
23 36 59 63 85 86 90 2240
23 36 59 63 85 86 93 2272
23 36 59 63 85 90 93 2240
23 36 59 63 86 90 93 2240
23 36 59 85 86 90 93 2432
23 36 63 85 86 90 93 2240
23 39 59 63 85 86 90 2240
23 39 59 63 85 86 93 2272
23 39 59 63 85 90 93 2240
23 39 59 63 86 90 93 2240
23 39 59 85 86 90 93 2432
23 39 63 85 86 90 93 2240
23 59 63 85 86 90 93 2336
28 34 39 53 59 85 86 2112
28 34 39 53 59 85 90 2112
28 34 39 53 59 86 90 2112
28 34 39 53 63 85 86 2112
28 34 39 53 63 85 90 2112
28 34 39 53 63 86 90 2112
28 34 39 53 85 86 90 2496
28 34 39 59 63 85 86 2216
28 34 39 59 85 86 90 2112
28 34 39 63 85 86 90 2112
28 34 53 59 85 86 90 2112
28 34 53 63 85 86 90 2112
28 39 53 59 85 86 90 2112
28 39 53 63 85 86 90 2112
34 36 39 59 63 85 86 2464
34 36 39 59 63 85 90 2240
34 36 39 59 63 85 93 2272
34 36 39 59 63 86 90 2240
34 36 39 59 63 86 93 2272
34 36 39 59 63 90 93 2240
34 36 39 59 85 86 90 2432
34 36 39 59 85 86 93 2464
34 36 39 59 85 90 93 2432
34 36 39 59 86 90 93 2432
34 36 39 63 85 86 90 2240
34 36 39 63 85 86 93 2272
34 36 39 63 85 90 93 2240
34 36 39 63 86 90 93 2240
34 36 39 85 86 90 93 2432
34 36 59 63 85 86 90 2336
34 36 59 63 85 86 93 2368
34 36 59 63 85 90 93 2336
34 36 59 63 86 90 93 2336
34 36 59 85 86 90 93 2528
34 36 63 85 86 90 93 2336
34 39 53 59 85 86 90 2112
34 39 53 63 85 86 90 2112
34 39 59 63 85 86 90 2432
34 39 59 63 85 86 93 2344
34 39 59 63 85 90 93 2240
34 39 59 63 86 90 93 2240
34 39 59 85 86 90 93 2432
34 39 63 85 86 90 93 2240
34 59 63 85 86 90 93 2432
36 39 59 63 85 86 90 2240
36 39 59 63 85 86 93 2272
36 39 59 63 85 90 93 2432
36 39 59 63 86 90 93 2240
36 39 59 85 86 90 93 2432
36 39 63 85 86 90 93 2240
36 59 63 85 86 90 93 2336
39 59 63 85 86 90 93 2240
23 34 36 39 59 63 85 86 2464
23 34 36 39 59 63 85 90 2240
23 34 36 39 59 63 85 93 2272
23 34 36 39 59 63 86 90 2240
23 34 36 39 59 63 86 93 2272
23 34 36 39 59 63 90 93 2240
23 34 36 39 59 85 86 90 2432
23 34 36 39 59 85 86 93 2464
23 34 36 39 59 85 90 93 2432
23 34 36 39 59 86 90 93 2432
23 34 36 39 63 85 86 90 2240
23 34 36 39 63 85 86 93 2272
23 34 36 39 63 85 90 93 2240
23 34 36 39 63 86 90 93 2240
23 34 36 39 85 86 90 93 2432
23 34 36 59 63 85 86 90 2240
23 34 36 59 63 85 86 93 2272
23 34 36 59 63 85 90 93 2240
23 34 36 59 63 86 90 93 2240
23 34 36 59 85 86 90 93 2432
23 34 36 63 85 86 90 93 2240
23 34 39 59 63 85 86 90 2240
23 34 39 59 63 85 86 93 2272
23 34 39 59 63 85 90 93 2240
23 34 39 59 63 86 90 93 2240
23 34 39 59 85 86 90 93 2432
23 34 39 63 85 86 90 93 2240
23 34 59 63 85 86 90 93 2336
23 36 39 59 63 85 86 90 2240
23 36 39 59 63 85 86 93 2272
23 36 39 59 63 85 90 93 2240
23 36 39 59 63 86 90 93 2240
23 36 39 59 85 86 90 93 2432
23 36 39 63 85 86 90 93 2240
23 36 59 63 85 86 90 93 2240
23 39 59 63 85 86 90 93 2240
28 34 39 53 59 85 86 90 2112
28 34 39 53 63 85 86 90 2112
34 36 39 59 63 85 86 90 2240
34 36 39 59 63 85 86 93 2272
34 36 39 59 63 85 90 93 2240
34 36 39 59 63 86 90 93 2240
34 36 39 59 85 86 90 93 2432
34 36 39 63 85 86 90 93 2240
34 36 59 63 85 86 90 93 2336
34 39 59 63 85 86 90 93 2240
36 39 59 63 85 86 90 93 2240
23 34 36 39 59 63 85 86 90 2240
23 34 36 39 59 63 85 86 93 2272
23 34 36 39 59 63 85 90 93 2240
23 34 36 39 59 63 86 90 93 2240
23 34 36 39 59 85 86 90 93 2432
23 34 36 39 63 85 86 90 93 2240
23 34 36 59 63 85 86 90 93 2240
23 34 39 59 63 85 86 90 93 2240
23 36 39 59 63 85 86 90 93 2240
34 36 39 59 63 85 86 90 93 2240
23 34 36 39 59 63 85 86 90 93 2240
